.Random.seed <-
c(403L, 10L, 84627707L, 570805401L, -446411480L, 1286208470L, 
1444347985L, 2100622083L, -1135738222L, -691834844L, -893149465L, 
-1462127811L, 1700449204L, 1241004058L, 581127013L, 1224660479L, 
1916885126L, 536871952L, -1843824973L, -197745327L, 1276755200L, 
-2092939298L, -251870167L, -1792416805L, -1895696150L, 326751884L, 
-1024194097L, -75170427L, -1241782724L, -361895150L, -1858795507L, 
-1539802297L, 890974510L, 2025257096L, 66559371L, -887200407L, 
-1861875912L, -72119834L, -1305399935L, -1213300461L, 1283301058L, 
-558589580L, -1850621577L, 1769820781L, -715760380L, -1301759958L, 
-1578560107L, -849528273L, -1566472394L, 907868000L, 2025561507L, 
-280160575L, 213348016L, 1693632974L, 803708217L, 117526859L, 
1311093498L, 1167762428L, 790807615L, -1044169451L, -948427220L, 
-2118415614L, -984705059L, 655770327L, -881041986L, -1399760904L, 
1256477659L, -1620447687L, -625346680L, 382076726L, -619858575L, 
994619299L, 356620018L, 1939430980L, -1338113785L, -884328227L, 
-1860522540L, -1254547206L, 968177733L, -1581203297L, 341600806L, 
1081925296L, 1856340819L, -434540943L, 1688490912L, -584355010L, 
-263267767L, -248189189L, -1069257014L, -493948884L, 770803759L, 
201668837L, -1493380708L, 206207986L, 561612397L, -684125273L, 
676662734L, 1619282728L, -1142243029L, 1491794761L, 1304494168L, 
-503663354L, -938368799L, 1192335475L, 1350989026L, -1604991916L, 
1347447127L, 2126416205L, 2096606436L, 239636682L, 665124149L, 
-1212574833L, -43251562L, 512006208L, -151879421L, 25849121L, 
90750480L, -473657874L, 747536793L, 1547980331L, -64202982L, 
1092791772L, -722562081L, 1778062261L, 1115843916L, -153154654L, 
-1560550659L, -933889033L, 673146142L, -171915304L, -797222597L, 
1090875097L, -1813003672L, -2004540522L, 1534461713L, -92282685L, 
70828242L, -917625500L, 1377523879L, -254939651L, 1212616692L, 
156268762L, 971110949L, 1779849023L, 1203131590L, -1874212528L, 
1215084915L, -410303599L, 2069845440L, -473051234L, 976449897L, 
-1763049061L, 1218229418L, -880676148L, -1264125041L, -1805860923L, 
1623483260L, 954194898L, 1197759309L, 500214279L, 1931835886L, 
-591522616L, -605045813L, -1476841943L, -669129608L, 1373086118L, 
878855105L, 90042451L, -980273406L, 1166639668L, 1942845367L, 
-1764202579L, 1570149572L, -763029270L, -1704280235L, -2002923281L, 
-1554835722L, 997376544L, -1986738205L, -856380287L, -316413200L, 
-1775574642L, -255455495L, 1357692043L, -891378502L, 993836988L, 
1777188095L, 404099157L, 549503852L, 879311810L, -1733923811L, 
1848429719L, -1945802242L, -848696904L, 2118804891L, -632599559L, 
982930248L, 2047032950L, -678692943L, -1341453853L, 1184079538L, 
431674116L, 1542459463L, -2049067235L, 1347243412L, -313020102L, 
-1438642811L, -58620321L, 553545958L, -291490960L, 1040258195L, 
766251313L, -618989600L, -315097986L, -40308983L, -315313861L, 
1082791178L, -793424660L, -1209616017L, 1422278309L, 831492188L, 
-1800452046L, -1139835091L, 1530990055L, -1578200818L, 908654312L, 
1093671147L, -133768823L, -2938600L, -174327200L, 1080217538L, 
929608488L, 1442707884L, -2113954500L, 79551346L, 387099952L, 
-457742556L, 1894401336L, -672430374L, -1584750704L, 1186175740L, 
-1038689388L, 1069380674L, -111807232L, 1801095228L, 2011020624L, 
-1190402910L, -1387582648L, -1711382772L, 62586588L, -46485678L, 
149517952L, 1208957012L, 1825211368L, -1981764870L, 1723454800L, 
-530383060L, 778429300L, -382262382L, -105745824L, 120133516L, 
-1681475744L, -919092254L, 928308136L, -2071212852L, 1803885052L, 
-1711638606L, -196770320L, -1508465212L, 1528232280L, 1594363258L, 
2092350896L, -186522692L, 702238804L, -224759870L, 1010884640L, 
941387964L, -459417008L, -1357338654L, -629178776L, 1637535308L, 
-1830899460L, 449771506L, -967449344L, 1294541684L, -1545166840L, 
-243404358L, 1538088400L, -2135657492L, 1041910676L, 1158372306L, 
920889184L, -1451720372L, -1590628064L, -1507651710L, 328795880L, 
1804916972L, 848320060L, 1798075250L, -1870309776L, 1381065764L, 
1536896824L, -810542950L, 405040848L, -966701892L, -416691564L, 
-85794174L, -1787227968L, 2052425020L, -1073915760L, -1897146846L, 
-1415564792L, -42648308L, 1793671836L, -245172718L, 1683102080L, 
-338486764L, -609722840L, 1631969594L, 506047440L, 1613909612L, 
-722943180L, -377560430L, -917674656L, 2020138316L, 765064160L, 
1971081122L, -922714200L, -2001377396L, 1681885884L, 659899250L, 
-1194481424L, -335031228L, -774933160L, 1823666234L, -362785936L, 
648823868L, -844543212L, -723937854L, 518474976L, 1564843900L, 
970385104L, 510278306L, -553995224L, -813145844L, -1157293124L, 
796323122L, 1372129216L, 1472235060L, 920245192L, 1271753914L, 
-223584368L, -592657940L, 1371513940L, -1228006766L, -541242592L, 
-766187060L, 1868563424L, 735858370L, 1014785576L, -430031188L, 
-2125271364L, -553709070L, -1518218960L, -974808924L, -788899144L, 
-634026150L, -1582211696L, 420146556L, -1491072748L, 312169794L, 
-1439255808L, -2063973444L, -1381747888L, -2073965278L, -1735280312L, 
-1676530676L, -1957534628L, -920959790L, -879348736L, -349325484L, 
45758952L, -1145633798L, -312532272L, 401698092L, -2132966156L, 
468992914L, -550677408L, -898463476L, 1095123680L, -987296414L, 
1475167912L, 511123020L, -1073192068L, 754511666L, 128551536L, 
1757987140L, -1143310376L, -1781427078L, -525399504L, -1168066884L, 
1535047508L, -936851902L, 596465568L, 2006852796L, 1486545360L, 
-718671518L, 633401320L, -1846946868L, 2060461820L, 653345778L, 
1218555008L, 1997834484L, -827334520L, 1153073466L, -221615280L, 
817741932L, 716029076L, 1405338962L, 1352862432L, -857207604L, 
-1805814624L, -1220872830L, -895343384L, 1498383596L, 705067068L, 
-1305056142L, -1854366608L, 935621156L, -934476232L, -162487782L, 
-833106736L, -354046404L, 1735694484L, -614087550L, -167967808L, 
-319215300L, -1494069616L, 556323874L, 192184328L, -1416289140L, 
181296156L, -965713774L, -1343693696L, -461943788L, 1957779240L, 
180282L, -1983129392L, -1623338900L, 729351860L, 239553554L, 
297231328L, 1317598156L, -441296416L, -1336334302L, 1662954792L, 
-502204630L, -1371924129L, 834498793L, -1691695106L, -953136148L, 
-996999363L, 752837383L, 1489124080L, 1728160398L, 75627707L, 
-1045686115L, -1518738358L, -2098004376L, -1809190319L, -1778831037L, 
-1564366780L, 1660381938L, 1474343623L, -1749380975L, 889232918L, 
677338228L, 1459607301L, 1651012943L, -883488952L, 1431899878L, 
918007827L, 1724860277L, 266970962L, 762781600L, 434154121L, 
-288960837L, -1395852020L, -339672934L, 46102031L, 1655628377L, 
365027054L, 1227226492L, 168017389L, -1252156777L, 1179546976L, 
27914558L, -523478517L, 1563516557L, 242303930L, 1671518712L, 
1953605025L, 761379667L, -1512385932L, -2036665342L, 1031558807L, 
-1127235487L, -878322522L, -1440633692L, -153850539L, -1871100417L, 
-1295430504L, -119178826L, 1167540803L, 1625728901L, 140379170L, 
1675396880L, -1592028487L, 1386186603L, 1432421980L, -413250678L, 
1073455999L, 128962249L, -1296791714L, 382573580L, -559178787L, 
-1640145177L, -1589879024L, 1020046894L, 621728987L, 842021309L, 
1296987946L, -265351224L, 1848108273L, -1546151325L, -768639388L, 
-1910602350L, 894464615L, -575804879L, 1899464566L, 865283220L, 
1690485413L, 1380044719L, 1462389864L, -911794106L, -972257805L, 
414962005L, -684514510L, -279988480L, 1246028777L, -703627685L, 
-1611882324L, 670426810L, -964144017L, -1525214727L, 1007920270L, 
5049692L, -1239360051L, -1389092553L, 999689152L, -80862050L, 
-1394488981L, -1749569299L, -1616262822L, -1713434088L, 864538497L, 
1590107443L, -879684780L, 649725282L, -1843997193L, -395329983L, 
130644678L, -1144615932L, -713913419L, 525051039L, -1433431816L, 
540780758L, -1669414557L, -604353243L, 238115522L, 337598384L, 
1307528153L, -2110790325L, 1155548092L, 785107946L, -1525330913L, 
1918126761L, 867810878L, -266734804L, 549543293L, -1951829049L, 
1965367984L, -126738226L, 1589983739L, -948970915L, -186157686L, 
-2120954456L, -1159138543L, -596377085L, 445977860L, -1226149582L, 
67460999L, -1555829295L, 1866997590L, -1827341004L, 1336464453L, 
